%YAML:1.0
e_vectors: !!opencv-matrix
   rows: 28
   cols: 128
   dt: f
   data: [ -2.89813094e-002, -3.21143605e-002, -3.47534902e-002,
       -2.48451456e-002, 7.62267690e-003, 1.61686763e-002,
       -4.49300976e-003, -9.69677232e-003, 1.01305291e-001,
       1.06340379e-003, -3.12741175e-002, -1.60217099e-002,
       6.01600483e-003, -6.09690929e-003, -3.24704982e-002,
       -6.03633039e-002, 3.41014713e-001, 6.31594285e-002,
       -3.80087644e-002, -4.49617952e-002, -1.03713095e-001,
       -7.37924650e-002, -6.29113093e-002, 7.41652586e-003,
       4.74812724e-002, -2.64829211e-002, -4.10657935e-002,
       -3.88946868e-002, -3.41692716e-002, -2.31148172e-002,
       -3.26444656e-002, -1.22794909e-002, -6.86179027e-002,
       -2.73466688e-002, -3.00216489e-002, -2.83813141e-002,
       -1.04576005e-002, 8.52857064e-003, 3.88972601e-003,
       -7.68766692e-003, -4.28422578e-002, -1.91362929e-002,
       -2.95517873e-003, 2.92368308e-002, 5.58477491e-002,
       2.53019226e-003, -7.51097128e-002, -1.71159744e-001,
       3.74123573e-001, 9.98303592e-002, -2.99107786e-002,
       -8.12913179e-002, -2.11832151e-001, -1.90031484e-001,
       -1.28683746e-001, -2.99022757e-002, 8.53158012e-002,
       -2.40165927e-002, -5.16429916e-002, -5.04577905e-002,
       -5.74316159e-002, -5.07093892e-002, -5.54083772e-002,
       -2.84234062e-002, -7.01535121e-002, -7.77957728e-003,
       7.02038733e-003, 3.28373571e-004, -1.22989053e-002,
       -2.59775463e-002, -2.74225101e-002, -2.24210359e-002,
       -4.79640551e-002, -1.79613277e-001, -7.94834346e-002,
       7.04917300e-004, 5.27283587e-002, 3.37682962e-002,
       6.43937197e-003, -1.05915144e-002, 3.74565750e-001,
       -3.73150185e-002, -1.35205656e-001, -1.83730379e-001,
       -2.01571450e-001, -8.77778158e-002, -3.25357318e-002,
       1.06717311e-001, 8.51868093e-002, -2.91652568e-002,
       -5.54711968e-002, -4.75877337e-002, -5.31639010e-002,
       -5.86809292e-002, -5.30169979e-002, -2.15776321e-002,
       -2.28089727e-002, -9.06863902e-003, -4.90433211e-003,
       6.04023552e-003, -1.18039863e-003, -2.39279140e-002,
       -3.74763981e-002, -2.53532324e-002, 1.03242606e-001,
       -5.54537475e-002, -3.95830311e-002, -8.78082681e-003,
       1.20096942e-002, -1.51958046e-002, -3.11711580e-002,
       6.47729635e-003, 3.37102383e-001, -3.30509247e-005,
       -7.21544176e-002, -6.89925402e-002, -9.30781960e-002,
       -4.93724421e-002, -3.92819233e-002, 6.82379305e-002,
       4.80292104e-002, -1.32598430e-002, -3.72017547e-002,
       -2.01194752e-002, -2.65295226e-002, -4.04058248e-002,
       -4.16653194e-002, -2.16191076e-002, 3.18593234e-002,
       -1.45964054e-002, -4.21549901e-002, -4.34259549e-002,
       -4.40002605e-002, -5.94588332e-002, -5.38889468e-002,
       -2.71088313e-002, 3.28710556e-001, 4.16710833e-003,
       -7.00028390e-002, -9.31407437e-002, -1.05730623e-001,
       -6.52525425e-002, -4.80174609e-002, 4.51992974e-002,
       1.22376531e-001, -4.43012305e-002, -4.00463194e-002,
       -2.54945569e-002, 2.03722175e-002, -1.61084440e-002,
       -5.22800498e-002, -5.54652102e-002, -1.37858512e-002,
       -1.87907945e-002, -1.01736570e-002, -6.63076667e-003,
       -2.61039510e-002, -5.75933494e-002, -6.91000223e-002,
       -5.07967882e-002, 6.24524243e-002, -3.90283801e-002,
       -6.48914129e-002, -6.85841590e-002, -6.12499602e-002,
       -6.72530085e-002, -4.91217859e-002, -2.75788177e-002,
       3.58558655e-001, -2.13725120e-002, -1.13443352e-001,
       -1.67181388e-001, -1.90940693e-001, -9.74274874e-002,
       -1.72102265e-002, 1.15589745e-001, -3.00344955e-002,
       -1.30425468e-001, -5.15085198e-002, 1.20097783e-003,
       8.65796208e-002, 6.13847114e-002, 8.53846781e-003,
       -5.37098497e-002, -3.97416614e-002, -1.65295266e-002,
       -7.49262888e-003, -2.53456403e-002, -4.31698523e-002,
       -5.73627837e-002, -4.66548279e-002, -4.11687680e-002,
       5.45380227e-002, -2.31582560e-002, -4.95803840e-002,
       -6.27027750e-002, -5.56497313e-002, -7.49532357e-002,
       -6.49129972e-002, -4.30343039e-002, 3.64730090e-001,
       1.12354122e-001, -1.78804509e-002, -8.86859372e-002,
       -1.86203867e-001, -1.73907429e-001, -1.29545793e-001,
       -2.68949457e-002, -2.07159873e-002, -5.50430790e-002,
       -1.42649678e-003, 5.69970459e-002, 8.29336941e-002,
       7.74458610e-003, -5.31495772e-002, -1.25940949e-001,
       -2.91541126e-002, -4.43622656e-002, -6.19552583e-002,
       -5.99938519e-002, -3.88384126e-002, -9.46805347e-003,
       -5.60715841e-003, -1.30885504e-002, 3.19607332e-002,
       -3.10918484e-002, -5.37804253e-002, -4.83629517e-002,
       -2.88115218e-002, -4.46122363e-002, -4.46833335e-002,
       -9.09824390e-003, 3.37774456e-001, 3.48092169e-002,
       -5.55756614e-002, -7.46222958e-002, -1.02013633e-001,
       -9.30024385e-002, -7.61700943e-002, 3.35787199e-002,
       1.37058735e-001, -6.45695776e-002, -5.07005230e-002,
       -9.71274823e-003, 2.81206314e-002, -1.59381516e-002,
       -4.07525823e-002, -2.43026782e-002, -6.69906149e-003,
       -5.38549498e-002, -6.10936619e-002, -3.75910588e-002,
       -1.40984217e-002, 2.89042993e-003, -1.76718477e-002,
       -1.85048264e-002, 5.44757247e-002, 1.75652523e-002,
       -2.41758395e-002, -3.17590614e-003, 1.41005171e-002,
       5.55114727e-003, -1.53987315e-002, 8.74515914e-004,
       2.96010762e-001, 5.64478226e-002, -3.08910105e-002,
       -2.36839373e-002, -2.60634571e-002, -2.92810630e-002,
       -5.46245798e-002, 5.91508150e-002, 1.89128920e-001,
       5.78887342e-003, -2.76317690e-002, 2.07180772e-002,
       7.55270272e-002, -2.02642735e-002, -5.65087013e-002,
       9.25110374e-003, 9.30094812e-003, -1.90683864e-002,
       -1.28011769e-002, 4.20448370e-002, 7.00369850e-002,
       -1.51411537e-003, -3.50783616e-002, -2.07983814e-002,
       3.86206247e-002, -2.49556906e-004, -2.63565090e-002,
       -7.80294370e-003, 8.85996409e-003, -2.27380195e-003,
       -1.42755397e-002, -6.85526000e-004, 6.99744448e-002,
       7.64956996e-002, 7.42846215e-003, 9.38984472e-003,
       -1.67307705e-002, -6.24019504e-002, -1.63191766e-001,
       -1.43629715e-001, 1.41035020e-001, 4.08498049e-002,
       8.40297714e-002, 1.43132195e-001, 4.16699052e-002,
       -2.24218965e-001, -2.45251715e-001, -9.19449478e-002,
       1.50636118e-002, 1.39820660e-002, 7.33679384e-002,
       1.10414706e-001, 5.10855727e-002, -1.08398661e-001,
       -1.64284438e-001, -4.96714897e-002, -4.24919613e-002,
       5.64571610e-003, 6.61180075e-003, -3.14914621e-004,
       -1.95252653e-002, -1.69889512e-003, 4.85208351e-003,
       2.68028514e-003, -5.42792715e-002, 1.79646835e-001,
       1.69641644e-001, 4.78153564e-002, -2.50335317e-002,
       -2.49024332e-002, -1.70316603e-002, -7.39714280e-002,
       -1.31325051e-001, 1.37563214e-001, 2.73562938e-001,
       2.05150127e-001, -6.35697916e-002, -1.79237455e-001,
       -1.14913106e-001, -5.92467599e-002, -5.60580706e-003,
       8.50839913e-002, 1.61256954e-001, 1.00004122e-001,
       -5.62319010e-002, -1.54489487e-001, -1.20368958e-001,
       -1.75251141e-002, -4.94650789e-002, -5.54438354e-003,
       5.32731460e-003, 1.41844980e-003, -1.91380344e-002,
       1.60717056e-003, 1.09230645e-003, -4.34334436e-003,
       -3.01329136e-001, -3.03146448e-002, 5.35276793e-002,
       3.29255201e-002, 1.19555356e-004, 2.27531455e-002,
       2.43275911e-002, -5.65121137e-002, -1.88170031e-001,
       3.73089090e-002, 9.09042656e-002, 1.88895650e-002,
       -8.99943039e-002, -3.34238708e-002, 1.26422876e-002,
       -2.10539568e-002, 1.49212005e-002, 5.94664887e-002,
       5.44434898e-002, 8.87489226e-003, -8.13752338e-002,
       -7.15564638e-002, -6.50647515e-003, 1.54022397e-002,
       4.11483757e-002, -3.02214175e-002, -6.14601448e-002,
       -1.34723280e-002, 8.48004222e-002, 4.26497981e-002,
       -5.90707501e-003, 1.47271040e-003, 6.99111670e-002,
       -6.20194562e-002, -6.29816875e-002, 2.81378943e-002,
