%YAML:1.0
e_vectors: !!opencv-matrix
   rows: 10
   cols: 128
   dt: f
   data: [ 1.58176490e-003, 5.56028858e-002, 7.22701550e-002,
       8.36260766e-002, -7.86602497e-003, -4.00332138e-002,
       -6.95273951e-002, -4.68013920e-002, 7.51338853e-003,
       -3.12378202e-002, 2.16885563e-002, 9.67768133e-002,
       6.07546419e-002, -1.21851247e-002, -3.98588292e-002,
       -6.63674297e-003, -3.46238129e-002, -5.64943068e-002,
       2.70849448e-002, 1.03572816e-001, 7.07230419e-002,
       2.64698695e-002, -3.44563089e-002, -1.21759567e-002,
       5.92141449e-002, 1.75805643e-001, 8.76459330e-002,
       1.50979906e-002, -7.50998873e-003, -2.79085748e-002,
       -4.90337051e-002, -1.65050719e-002, 2.87778638e-002,
       1.89789403e-002, 8.53437632e-002, 1.04659505e-001,
       4.65872884e-003, -2.80871093e-002, -7.38339126e-002,
       -2.47919224e-002, 2.08254993e-001, -1.36836646e-002,
       -7.76738226e-002, -1.78065091e-001, -2.28893563e-001,
       8.75563174e-003, 2.79762335e-002, 9.13545415e-002,
       -2.38516197e-001, -2.52748936e-001, -1.14833869e-001,
       -1.12162335e-002, 2.25984395e-001, 2.24781826e-001,
       4.50114012e-002, -2.11306941e-002, 7.19302520e-002,
       1.08425893e-001, 8.53827689e-003, 2.63284110e-002,
       4.22322154e-002, -1.58806853e-002, 3.77420001e-002,
       1.01983286e-001, 6.80551007e-002, -1.61340404e-002,
       -3.46095189e-002, 7.13215442e-003, -7.35757574e-002,
       7.79683366e-002, 1.98215153e-002, 1.96192469e-002,
       1.97700381e-001, 1.77420020e-001, 3.11995838e-002,
       -7.05492720e-002, -2.44665205e-001, -1.68540746e-001,
       -1.46861106e-001, -5.43348081e-002, -2.16437876e-001,
       3.46918218e-002, 6.71597943e-002, 1.39190480e-001,
       1.89410731e-001, 4.24513929e-002, -8.98751393e-002,
       -1.97144017e-001, 4.68497649e-002, 3.86373186e-003,
       -4.59497273e-002, 1.82110928e-002, 3.12275440e-002,
       1.41688157e-002, 5.78789823e-002, 1.01038121e-001,
       1.77180814e-003, -7.12822936e-003, -3.43501903e-002,
       7.43351318e-003, -2.31583621e-002, 1.23623751e-001,
       1.07085645e-001, 3.65693332e-003, 1.04621211e-002,
       2.92076021e-002, -1.06445746e-002, 6.88415393e-003,
       2.92529794e-003, 3.68945450e-002, -6.98874667e-002,
       -4.30296473e-002, 6.47352263e-002, 9.14564729e-003,
       -5.19609936e-002, 6.72217784e-003, 4.10451293e-002,
       6.25954866e-002, -4.46218587e-002, -1.68403909e-002,
       4.84319068e-002, -2.94179246e-002, -7.87659064e-002,
       6.46164501e-003, 2.12659594e-002, 2.55873669e-002,
       2.99823917e-002, 6.47707582e-002, -4.38307524e-002,
       7.90732820e-003, -2.53761616e-002, -1.81739666e-002,
       -1.19116316e-002, -9.57487598e-002, -3.82554084e-002,
       -3.82237509e-002, -6.94400221e-002, -1.71429887e-001,
       8.65559950e-002, 1.05031945e-001, 4.12471313e-003,
       -1.36198610e-001, -5.06320549e-003, 1.05651719e-002,
       -9.94866937e-002, -9.15390328e-002, 1.82923779e-001,
       1.28814548e-001, -4.91394810e-002, -1.26439035e-001,
       1.18570738e-001, 8.85560513e-002, 2.13459935e-002,
       1.17312126e-001, 1.35416731e-001, 9.51056462e-003,
       -7.77005777e-002, -1.72617838e-001, 1.41254082e-001,
       1.11129269e-001, -9.18321013e-002, -7.59643763e-002,
       -9.28297192e-002, -5.98692186e-002, -2.82508936e-002,
       5.91543242e-002, 8.85351673e-002, -2.48051677e-002,
       -2.36775391e-002, -4.99254130e-002, -5.78500517e-002,
       -7.98238516e-002, 1.28769670e-002, 9.66341421e-002,
       -1.27532557e-002, 1.09101497e-002, 1.98759902e-002,
       -1.20217003e-001, -1.77155957e-002, 5.24582028e-005,
       -9.93407331e-003, -2.97002047e-002, 1.39906168e-001,
       2.02653334e-001, 7.92235509e-003, -2.61141602e-002,
       5.63196652e-003, 3.04726214e-004, -4.14082408e-002,
       -1.00718074e-001, 2.33833119e-001, 1.70084521e-001,
       3.36633809e-002, -3.84336188e-002, -1.34328052e-001,
       -1.05829366e-001, -4.21862528e-002, -1.47654600e-002,
       -3.20151635e-002, 2.27460195e-003, -7.68991634e-002,
       -2.26150826e-002, -6.32745326e-002, -2.05932692e-001,
       2.13830546e-002, 2.83251107e-001, 6.71097040e-002,
       -4.45666239e-002, 2.26971712e-002, 4.31291722e-002,
       3.86641994e-002, -4.34348844e-002, -2.10740734e-002,
       1.50974959e-001, 1.23987526e-001, 3.22825871e-002,
       1.29322568e-002, 5.68841361e-002, 1.19351797e-001,
       6.37026280e-002, -1.53125497e-002, -6.43251017e-002,
       1.08092176e-002, 2.91080959e-002, 3.70862219e-003,
       9.34979841e-002, 6.23124838e-002, -2.87927371e-002,
       -4.73372452e-002, -1.86230972e-001, -1.71864197e-001,
       -7.56924553e-003, 4.11826298e-002, 8.14279914e-002,
       6.13101088e-002, -3.41361314e-002, -5.54785468e-002,
       -5.30746654e-002, -2.22691759e-001, -1.37458265e-001,
       -1.09484427e-001, -3.24526578e-002, -8.63076467e-003,
       -2.53535975e-002, -9.06950515e-003, 1.13375947e-001,
       3.94326858e-002, -6.43982589e-002, -4.73050475e-002,
       -6.11641519e-002, 1.46634048e-002, 1.54932383e-002,
       -4.69312863e-003, 4.75111417e-002, 1.13632932e-001,
       1.50403753e-002, 4.67357263e-002, 7.59158283e-002,
       -1.45325472e-003, -9.24772173e-002, -6.78599402e-002,
       2.52500586e-002, 1.02855623e-001, 7.19071925e-002,
       5.66815548e-002, 1.15075789e-001, -3.98272276e-002,
       -1.84091985e-001, -1.08180791e-001, 4.45029773e-002,
       6.58010095e-002, 3.38839106e-002, 5.42284362e-002,
       2.53541414e-002, 1.19018769e-002, -1.08951896e-001,
       -2.96794958e-002, 4.14924845e-002, 5.28361946e-002,
       9.15791020e-002, 5.36342477e-003, -4.25379574e-002,
       3.43354531e-002, 5.45593863e-003, 5.95027581e-002,
       1.20444849e-001, 6.96854964e-002, 7.87191540e-002,
       1.61109880e-001, 4.32764366e-002, -9.06074196e-002,
       -1.88190371e-001, -1.91913873e-001, 6.05257899e-002,
       1.32033631e-001, 1.31187230e-001, -2.40800548e-002,
       -3.87176462e-002, -1.72915116e-001, -2.22507089e-001,
       -3.44958715e-002, 1.21695198e-001, 5.92536889e-002,
       2.79811341e-002, 5.42430468e-002, -7.04916045e-002,
       -1.35645598e-001, -8.63687694e-002, -6.70979023e-002,
       -5.77117354e-002, 3.61593440e-002, 1.14957273e-001,
       4.08213101e-002, -1.76226571e-001, -6.07014168e-003,
       -2.52043195e-002, 3.68041955e-002, 1.10867731e-001,
       1.34084016e-001, 1.95649654e-001, 1.16380654e-001,
       1.92418635e-001, -7.74709284e-002, -8.57122093e-002,
       -6.78786486e-002, 8.20579454e-002, 6.56293379e-003,
       -1.59644114e-003, -3.20978425e-002, 4.94598560e-002,
       5.90162314e-002, -7.87590593e-002, -5.96993417e-002,
       -1.32692410e-002, -4.63893563e-002, -7.16868672e-004,
       7.73266405e-002, -8.35603103e-003, -2.42839493e-002,
       -1.56293020e-001, -1.08973436e-001, 6.33886876e-003,
       -5.75381285e-003, 8.21993947e-002, 1.24443188e-001,
       -5.87065741e-002, -1.30116478e-001, -3.39380018e-002,
       2.47512758e-003, 6.53140023e-002, 2.93642301e-002,
       1.13600008e-001, 8.90754256e-003, 2.31051482e-002,
       -5.83386905e-002, -1.88217070e-002, -2.47681104e-002,
       1.54650420e-001, 2.84767128e-004, -2.50617601e-003,
       1.43554375e-001, 2.31667068e-002, -1.98682137e-002,
       -2.78143939e-002, -5.52124158e-002, 3.31836529e-002,
       4.37965579e-002, 7.69755170e-002, 2.71619499e-001,
       4.54631932e-002, -1.21381186e-001, -3.19760442e-002,
       -5.28488047e-002, -9.18862969e-002, -2.68013440e-002,
       1.36121452e-001, 8.44829157e-002, 3.17074102e-003,
       -1.53744191e-001, -1.48114171e-002, -2.40285899e-002,
       -3.08366120e-002, -1.87312290e-002, 6.87536150e-002,
       2.58723628e-002, -3.42451744e-002, 9.20760855e-002,
       7.61784539e-002, -3.02832313e-002, 8.84467084e-003,
       9.94154811e-002, 5.60840145e-002, 1.08702714e-002,
       9.88683328e-002, 9.89007950e-002, 1.10278539e-001,
       4.79603149e-002, 8.82034302e-002, 3.34402956e-002,
