%YAML:1.0
e_vectors: !!opencv-matrix
   rows: 20
   cols: 128
   dt: f
   data: [ -6.59370469e-003, -2.36930102e-002, -2.51988452e-002,
       -1.75225604e-002, 1.31810121e-002, 3.18608694e-002,
       2.33393572e-002, 1.20634213e-002, -9.01067331e-002,
       -2.32360847e-002, 1.26302158e-002, 3.76180075e-002,
       7.85581470e-002, 3.59884202e-002, -1.02123693e-002,
       -6.15895316e-002, 1.09057099e-001, 4.09054533e-002,
       1.19675405e-003, -2.87318956e-002, -6.25549927e-002,
       -4.06959653e-002, -1.87231917e-002, 2.29178723e-002,
       1.83003172e-002, -1.74132194e-002, -3.03415172e-002,
       -3.31195109e-002, -3.43543966e-003, 7.61963567e-003,
       1.03501715e-002, 1.69600621e-002, -4.75342572e-002,
       1.16173981e-003, -1.97472633e-003, -6.75925473e-003,
       1.70490984e-002, 3.27828601e-002, 3.37273143e-002,
       2.00908799e-002, -2.68558502e-001, -1.72113697e-003,
       9.45583805e-002, 1.85183525e-001, 2.12770715e-001,
       5.48966266e-002, -7.43844658e-002, -2.16079339e-001,
       2.88594425e-001, 1.88409090e-001, 5.04911095e-002,
       -5.52361459e-002, -2.20979974e-001, -2.05526978e-001,
       -1.17911540e-001, -4.44138469e-003, 4.21297960e-002,
       -2.23736800e-002, -4.04719599e-002, -2.42536813e-002,
       3.81911430e-003, 6.48209825e-004, -7.12214084e-003,
       -1.01054600e-002, -5.00365496e-002, 2.83553414e-002,
       3.89829092e-002, 2.84351446e-002, 1.27940383e-002,
       -7.10868044e-003, -5.64759132e-003, -4.69280593e-003,
       -2.67792434e-001, -2.02322841e-001, -6.30850270e-002,
       5.69871776e-002, 2.08928436e-001, 1.90263882e-001,
       8.77248868e-002, -1.45692434e-002, 2.84809232e-001,
       2.08093086e-003, -1.10257626e-001, -1.97966397e-001,
       -2.26585105e-001, -5.32511100e-002, 4.72824574e-002,
       1.83922276e-001, 3.84541191e-002, 1.12155941e-003,
       1.57982996e-003, 1.01062283e-002, 8.60432535e-003,
       -3.04732379e-002, -4.58166562e-002, -3.57564017e-002,
       -2.08766311e-002, 1.76407918e-002, 2.62871906e-002,
       3.06764878e-002, 1.59189310e-002, -6.10222528e-003,
       -1.79633591e-002, -2.64023244e-002, -1.00286588e-001,
       -5.47045209e-002, -1.75538042e-003, 3.16203348e-002,
       7.72970915e-002, 3.78342159e-002, 8.37233383e-003,
       -2.39693485e-002, 1.18345305e-001, 3.10950857e-002,
       -1.68367121e-002, -4.54854593e-002, -6.46821037e-002,
       -3.06475256e-002, -2.89580692e-003, 4.24964428e-002,
       1.07760150e-002, 2.24992111e-002, 2.07304284e-002,
       1.25404177e-002, 1.01765376e-002, -2.70140488e-002,
       -2.94901691e-002, -2.68003866e-002, -5.38977087e-002,
       4.00436595e-002, 7.76864067e-002, 3.31944041e-002,
       -3.27691659e-002, 3.34627591e-002, 5.33431508e-002,
       2.45892517e-002, -3.66181970e-001, -1.48907881e-002,
       1.00758605e-001, 7.58464485e-002, 4.74152435e-003,
       6.42891303e-002, 9.31790248e-002, -3.72467116e-002,
       -2.17308342e-001, 2.61809248e-002, 7.91447461e-002,
       -6.87438063e-003, -1.42390639e-001, 3.67394760e-002,
       1.14479497e-001, 1.87184997e-002, -2.79633198e-002,
       3.56583409e-002, 4.40750159e-002, -2.42621619e-002,
       -1.02019764e-001, 1.96424536e-002, 8.22840706e-002,
       6.51175752e-002, -4.48066480e-002, 6.18782192e-002,
       1.12059638e-001, 7.60186166e-002, -3.22243609e-002,
       2.09411383e-002, 4.26437296e-002, 2.21475139e-002,
       -1.58548743e-001, 3.59803401e-002, 9.15745944e-002,
       7.62420297e-002, -1.90821737e-002, 6.49788678e-002,
       1.67663410e-001, 1.11627169e-001, -1.48168981e-001,
       3.97620648e-002, 5.53478003e-002, -3.69054861e-002,
       -1.13088630e-001, 1.61480337e-001, 2.23486736e-001,
       9.67437848e-002, -4.17146645e-002, 3.56580094e-002,
       3.31035852e-002, -3.19386162e-002, -8.23760778e-002,
       7.59910122e-002, 1.17900260e-001, 6.53889477e-002,
       -3.56698111e-002, 2.94643957e-002, 4.87013012e-002,
       2.02649329e-002, -3.03495768e-002, 6.58797100e-002,
       1.14023387e-001, 6.81347325e-002, -1.51556894e-001,
       9.50362980e-002, 1.22255504e-001, 3.16660441e-002,
       -3.10182162e-002, 8.31605047e-002, 1.17152140e-001,
       6.18627109e-002, -1.22493550e-001, 8.07647482e-002,
       1.59712568e-001, 8.56486335e-002, -9.97439697e-002,
       3.49509753e-002, 9.11098719e-002, 5.67887239e-002,
       -4.68651280e-002, 7.18423799e-002, 9.88714099e-002,
       4.03723866e-002, -7.19201341e-002, 2.94006970e-002,
       5.48426211e-002, 9.63876396e-003, -4.71199751e-002,
       3.21203247e-002, 5.00000566e-002, 1.86068695e-002,
       -2.81103440e-002, 4.26412337e-002, 9.26900283e-002,
       5.11035100e-002, -3.02399099e-001, -5.07270871e-003,
       7.86281899e-002, 3.64674553e-002, -1.80115011e-002,
       6.63310289e-002, 1.02140963e-001, 5.21485053e-004,
       -1.91880777e-001, 2.07441133e-002, 9.83017385e-002,
       3.06091774e-002, -1.17045112e-001, 1.81356296e-002,
       7.64892325e-002, 2.18684189e-002, -3.64307202e-002,
       4.90053892e-002, 7.51123205e-002, 3.01447883e-002,
       -7.68447593e-002, 8.11326969e-003, 4.28079590e-002,
       1.84050519e-002, -2.56721210e-002, -2.43358128e-003,
       2.19541905e-003, -4.36966568e-002, -4.89964448e-002,
       -7.61379534e-003, 1.38281065e-003, -1.54187130e-002,
       -4.36384510e-003, 1.12888059e-002, -1.69657320e-002,
       -7.85320625e-002, -9.65877324e-002, -1.69745665e-002,
       3.35807353e-002, 1.52095873e-002, 8.78278390e-002,
       2.37289835e-002, -2.81696189e-002, -1.10460199e-001,
       -1.69339359e-001, -2.44609471e-002, 5.48249558e-002,
       5.88373467e-002, -5.06957807e-003, -1.91764832e-002,
       -3.01006921e-002, -9.49494019e-002, -8.45034719e-002,
       2.96855308e-002, 5.52871414e-002, 2.08998229e-002,
       1.82602759e-002, -1.08510966e-003, -3.40748094e-002,
       -1.02885231e-001, -1.11176357e-001, -2.72861659e-003,
       2.96871830e-002, 2.50256155e-002, 8.41182470e-002,
       -2.59888414e-002, -5.71404435e-002, -1.58882484e-001,
       -1.57607034e-001, 2.36381739e-002, 1.24530338e-001,
       1.52786702e-001, 4.00647521e-002, -2.87459772e-002,
       -8.16940293e-002, -2.35127762e-001, -2.55382508e-001,
       7.97730982e-002, 1.98377609e-001, 1.42593279e-001,
       -4.32069786e-002, -4.01544943e-002, -6.56286925e-002,
       -1.38012886e-001, -8.59424546e-002, 1.00158103e-001,
       1.27184168e-001, 2.14850064e-002, 6.60631210e-002,
       5.71972411e-003, -2.28824411e-002, -8.26207325e-002,
       -1.36969045e-001, -3.23158912e-002, 2.62908898e-002,
       4.05294448e-002, 9.43459719e-002, -3.66013721e-002,
       -1.06194541e-001, -1.41553596e-001, -1.71366274e-001,
       -2.25510709e-002, 5.16242795e-002, 9.41720754e-002,
       1.70389876e-001, 3.28390226e-002, -1.03972003e-001,
       -2.84649700e-001, -1.74256727e-001, 9.43873674e-002,
       9.13732722e-002, 7.28140175e-002, -6.32663220e-002,
       -4.01727073e-002, -3.13336477e-002, -8.76967534e-002,
       -1.07754115e-002, 1.12723865e-001, 6.76957220e-002,
       -3.63206863e-002, 4.82483916e-002, -1.53199746e-003,
       -1.04313754e-002, -5.60824908e-002, -8.58238861e-002,
       -2.76740659e-002, 5.86621556e-003, 4.25295196e-002,
       2.46633127e-001, 8.47892985e-002, -3.20561677e-002,
       -7.99620599e-002, -1.36545956e-001, -7.46874437e-002,
       -1.85632724e-002, 7.52731115e-002, 1.77278131e-001,
       1.07126437e-001, -3.46653094e-003, -7.90198147e-002,
       -8.68478194e-002, -4.09187935e-002, -3.58552225e-002,
       -1.34413149e-002, -4.71116453e-002, -2.90824589e-003,
       2.41565462e-002, 5.32595115e-003, 3.70661579e-002,
       3.08534913e-002, -2.34875381e-002, -6.14053607e-002,
       3.04412581e-002, 2.56308075e-002, 1.03169177e-002,
       -2.44715884e-002, -7.11948201e-002, -5.29016592e-002,
       -2.51487214e-002, 3.91307985e-003, 2.31089041e-001,
       4.70216312e-002, -1.98190100e-002, -6.20272085e-002,
       -1.25112116e-001, -7.96235353e-002, -4.21832725e-002,
